4.965  341442
4.96525  336050
4.96549  334320
4.96573  335457
4.96598  334285
4.96622  333020
4.96647  333163
4.96671  332154
4.96695  330505
4.96719  329467
4.96744  330625
4.96768  329022
4.96793  329673
4.96817  327313
4.96841  328150
4.96866  328392
4.9689  328366
4.96915  329198
4.96939  326850
4.96964  327373
4.96988  325996
4.97012  325593
4.97036  325692
4.97061  326503
4.97085  323750
4.9711  324181
4.97134  325630
4.97159  325334
4.97183  325778
4.97208  323181
4.97232  323459
4.97256  323665
4.9728  324153
4.97305  323964
4.97329  321476
4.97354  321730
4.97378  321588
4.97402  323485
4.97427  324602
4.97451  321989
4.97476  322798
4.975  321603
